%YAML:1.0
---
INIT_PULSE: -42688
INFINIT_PULSE: -47002
COMPENSATE: 5241
A: -1.9132819717332984e-11
B: 1.8749278570549208e-12
C: -5.4296753817499877e-08
D: 5.0921603459130828e-04
E: -1.9538683974647821e+00
F: -4.3934033912862913e+04
LENS_1: !!opencv-matrix
   rows: 8
   cols: 1
   dt: d
   data: [ -1.9132819717332984e-11, 1.8749278570549208e-12,
       -5.4296753817499877e-08, 5.0921603459130828e-04,
       -1.9538683974647821e+00, 4.0009660871370847e+03, -4314., 5247. ]
LENS_2: !!opencv-matrix
   rows: 8
   cols: 1
   dt: d
   data: [ -1.9132819717332984e-11, 1.8749278570549208e-12,
       -5.4296753817499877e-08, 5.0921603459130828e-04,
       -1.9538683974647821e+00, 4.0009660871370847e+03, -4314., 5247. ]
LENS_3: !!opencv-matrix
   rows: 8
   cols: 1
   dt: d
   data: [ -1.9132819717332984e-11, 1.8749278570549208e-12,
       -5.4296753817499877e-08, 5.0921603459130828e-04,
       -1.9538683974647821e+00, 4.0009660871370847e+03, -4314., 5247. ]
LENS_4: !!opencv-matrix
   rows: 8
   cols: 1
   dt: d
   data: [ 0., 0., 1.9906712646242968e-08, -3.0016976530206128e-04,
       1.4547098049483191e+00, 1.7022311268550404e+03, 4513., -30. ]
LENS_5: !!opencv-matrix
   rows: 8
   cols: 1
   dt: d
   data: [ 2.1012327577429419e-15, -4.8391935739903099e-11,
       4.2245083057329913e-07, -1.7578683286002279e-03,
       3.6490532239927331e+00, 6.8311889348384261e+02, 0., 0. ]
