%YAML:1.0
---
INIT_PULSE: -3628
INFINIT_PULSE: 682
COMPENSATE: 5241
A: 2.1012327577429419e-15
B: -4.8391935739903099e-11
C: 4.2245083057329913e-07
D: -1.7578683286002279e-03
E: 3.6490532239927331e+00
F: -2.9268811065161572e+03
LENS_1: !!opencv-matrix
   rows: 8
   cols: 1
   dt: d
   data: [ 0., 0., 1.9906712646242968e-08, -3.0016976530206128e-04,
       1.4547098049483191e+00, 1.7022311268550404e+03, 4513., -30. ]
LENS_2: !!opencv-matrix
   rows: 8
   cols: 1
   dt: d
   data: [ 0., 0., 1.9906712646242968e-08, -3.0016976530206128e-04,
       1.4547098049483191e+00, 1.7022311268550404e+03, 4513., -30. ]
LENS_3: !!opencv-matrix
   rows: 8
   cols: 1
   dt: d
   data: [ 0., 0., 1.9906712646242968e-08, -3.0016976530206128e-04,
       1.4547098049483191e+00, 1.7022311268550404e+03, 4513., -30. ]
LENS_4: !!opencv-matrix
   rows: 8
   cols: 1
   dt: d
   data: [ 0., 0., 1.9906712646242968e-08, -3.0016976530206128e-04,
       1.4547098049483191e+00, 1.7022311268550404e+03, 4513., -30. ]
LENS_5: !!opencv-matrix
   rows: 8
   cols: 1
   dt: d
   data: [ 2.1012327577429419e-15, -4.8391935739903099e-11,
       4.2245083057329913e-07, -1.7578683286002279e-03,
       3.6490532239927331e+00, 6.8311889348384261e+02, 4310., -18. ]
