%YAML:1.0
---
INIT_PULSE: 1534
INFINIT_PULSE: -3457
COMPENSATE: 5241
A: -3.
B: 16.
C: -1667.
D: -2301.
E: -2874.
F: -3361.
LENS_1: !!opencv-matrix
   rows: 8
   cols: 1
   dt: d
   data: [ -3., 16., -1667., -2301., -2874., -3361., 1534., 0. ]
LENS_2: !!opencv-matrix
   rows: 8
   cols: 1
   dt: d
   data: [ 2.1012327577429419e-15, 2.8723676129762456e-12,
       -8.8963112210309886e-08, 9.2747223566332386e-04,
       -4.0704004207344635e+00, 3.2566481203192161e+03, -2909., -1046. ]
LENS_3: !!opencv-matrix
   rows: 8
   cols: 1
   dt: d
   data: [ -1.9132819717332984e-11, 1.8749278570549208e-12,
       -5.4296753817499877e-08, 5.0921603459130828e-04,
       -1.9538683974647821e+00, 4.0009660871370847e+03, -4314., 5247. ]
LENS_4: !!opencv-matrix
   rows: 8
   cols: 1
   dt: d
   data: [ 0., 1.7842186956567172e-12, -4.9809917364424442e-08,
       4.4043081799252859e-04, -1.5694581910579966e+00,
       -1.0096232351247932e+03, -3276., 39. ]
LENS_5: !!opencv-matrix
   rows: 8
   cols: 1
   dt: d
   data: [ -3., 16., -1667., -2301., -2874., -3361., 1534., 0. ]
