%YAML:1.0
---
INIT_PULSE_1: 0
INFINIT_PULSE_1: 18327
A_1: 1.9249606965510999e-06
B_1: -1.1416770087033875e-02
C_1: 2.1651683758950625e+01
D_1: 4.0642102574615647e+03
