%YAML:1.0
---
INIT_PULSE_1: -31827
INFINIT_PULSE_1: -31827
A_1: 3.4725436370582250e-05
B_1: -1.5648646595638010e-02
C_1: 2.5911878610300394e+00
D_1: -8.1591438744782039e+01
