%YAML:1.0
---
INIT_PULSE: 0
INFINIT_PULSE: -4259
COMPENSATE: 5241
A: 2.1012327577429419e-15
B: 1.8184878135996811e-12
C: -5.2718072775826308e-08
D: 4.9549528952908060e-04
E: -1.9028540035043278e+00
F: -1.3398700103857998e+03
LENS_1: !!opencv-matrix
   rows: 8
   cols: 1
   dt: d
   data: [ 2.1012327577429419e-15, 1.8184878135996811e-12,
       -5.2718072775826308e-08, 4.9549528952908060e-04,
       -1.9028540035043278e+00, 1.6441299896142002e+03, -4259., 2984. ]
LENS_2: !!opencv-matrix
   rows: 8
   cols: 1
   dt: d
   data: [ 2.1012327577429419e-15, 1.8184878135996811e-12,
       -5.2718072775826308e-08, 4.9549528952908060e-04,
       -1.9028540035043278e+00, 1.6441299896142002e+03, -4259., 2984. ]
LENS_3: !!opencv-matrix
   rows: 8
   cols: 1
   dt: d
   data: [ -1.9132819717332984e-11, 1.8749278570549208e-12,
       -5.4296753817499877e-08, 5.0921603459130828e-04,
       -1.9538683974647821e+00, 4.0009660871370847e+03, -4314., 5247. ]
LENS_4: !!opencv-matrix
   rows: 8
   cols: 1
   dt: d
   data: [ 0., 1.7842186956567172e-12, -4.9809917364424442e-08,
       4.4043081799252859e-04, -1.5694581910579966e+00,
       -1.0096232351247932e+03, -3276., 39. ]
LENS_5: !!opencv-matrix
   rows: 8
   cols: 1
   dt: d
   data: [ 2.1012327577429419e-15, 1.8560802660739805e-12,
       -5.2330680832704079e-08, 4.6730341685692378e-04,
       -1.6476388516348668e+00, -1.0146263070863710e+03, -3238., 0. ]
