%YAML:1.0
---
INIT_PULSE: -20531
INFINIT_PULSE: -15300
COMPENSATE: 5241
A: 4.0499206352062975e-08
B: -4.3807747591416305e-04
C: 1.6414358637948971e+00
D: -1.8805193492611725e+04
LENS_1: !!opencv-matrix
   rows: 6
   cols: 1
   dt: d
   data: [ 4.0499206352062975e-08, -4.3807747591416305e-04,
       1.6414358637948971e+00, 1.7258065073882753e+03, 5231., 0. ]
LENS_2: !!opencv-matrix
   rows: 6
   cols: 1
   dt: d
   data: [ 4.0499206352062975e-08, -4.3807747591416305e-04,
       1.6414358637948971e+00, 1.7258065073882753e+03, 5231., 0. ]
LENS_3: !!opencv-matrix
   rows: 6
   cols: 1
   dt: d
   data: [ 4.0499206352062975e-08, -4.3807747591416305e-04,
       1.6414358637948971e+00, 1.7258065073882753e+03, 5231., 0. ]
LENS_4: !!opencv-matrix
   rows: 6
   cols: 1
   dt: d
   data: [ 4.0499206352062975e-08, -4.3807747591416305e-04,
       1.6414358637948971e+00, 1.7258065073882753e+03, 5231., 0. ]
LENS_5: !!opencv-matrix
   rows: 6
   cols: 1
   dt: d
   data: [ 4.0499206352062975e-08, -4.3807747591416305e-04,
       1.6414358637948971e+00, 1.7258065073882753e+03, 5231., 0. ]
