%YAML:1.0
---
INIT_PULSE: 3495
INFINIT_PULSE: -764
COMPENSATE: 5241
A: 2.1012327577429419e-15
B: 1.8184878135996811e-12
C: -5.2718072775826308e-08
D: 4.9549528952908060e-04
E: -1.9028540035043278e+00
F: 2.1551299896142000e+03
LENS_1: !!opencv-matrix
   rows: 8
   cols: 1
   dt: d
   data: [ 2.1012327577429419e-15, 1.8184878135996811e-12,
       -5.2718072775826308e-08, 4.9549528952908060e-04,
       -1.9028540035043278e+00, 1.6441299896142002e+03, -4259., 2984. ]
LENS_2: !!opencv-matrix
   rows: 8
   cols: 1
   dt: d
   data: [ 2.1012327577429419e-15, 1.8184878135996811e-12,
       -5.2718072775826308e-08, 4.9549528952908060e-04,
       -1.9028540035043278e+00, 1.6441299896142002e+03, -4259., 2984. ]
LENS_3: !!opencv-matrix
   rows: 8
   cols: 1
   dt: d
   data: [ -1.9132819717332984e-11, 1.8749278570549208e-12,
       -5.4296753817499877e-08, 5.0921603459130828e-04,
       -1.9538683974647821e+00, 4.0009660871370847e+03, -4314., 5247. ]
LENS_4: !!opencv-matrix
   rows: 8
   cols: 1
   dt: d
   data: [ 0., 0., 1.9906712646242968e-08, -3.0016976530206128e-04,
       1.4547098049483191e+00, 1.7022311268550404e+03, 4513., -30. ]
LENS_5: !!opencv-matrix
   rows: 8
   cols: 1
   dt: d
   data: [ 2.1012327577429419e-15, 1.8184878135996811e-12,
       -5.2718072775826308e-08, 4.9549528952908060e-04,
       -1.9028540035043278e+00, 1.6441299896142002e+03, -4259., 2984. ]
