%YAML:1.0
---
INIT_PULSE_1: 55134
INFINIT_PULSE_1: 42404
COMPENSATE: 23532
A_1: -4.0321264396164026e-06
B_1: 1.7395682131914322e-02
C_1: -2.9265047363956583e+01
D_1: 6.5415832926407486e+04
