%YAML:1.0
---
INIT_PULSE: -16318
INFINIT_PULSE: -12008
COMPENSATE: 5241
A: 2.1012327577429419e-15
B: -4.8391935739903099e-11
C: 4.2245083057329913e-07
D: -1.7578683286002279e-03
E: 3.6490532239927331e+00
F: -1.5616881106516157e+04
LENS_1: !!opencv-matrix
   rows: 8
   cols: 1
   dt: d
   data: [ 2.1012327577429419e-15, -4.8391935739903099e-11,
       4.2245083057329913e-07, -1.7578683286002279e-03,
       3.6490532239927331e+00, 6.8311889348384261e+02, 4310., -18. ]
LENS_2: !!opencv-matrix
   rows: 8
   cols: 1
   dt: d
   data: [ 1.9388171400645923e-14, -3.9900412552571251e-10,
       3.0390824330858345e-06, -1.0364840914809520e-02,
       1.3991965907939518e+01, -5.8905864721658727e+03, -6115., 558. ]
LENS_3: !!opencv-matrix
   rows: 8
   cols: 1
   dt: d
   data: [ -1.9132819717332984e-11, -2.9380018959913240e-06,
       1.2714579139804212e-02, -1.9085410385569705e+01,
       1.1605192502981565e+04, -2.3940497259365083e+06, -15060., -1332. ]
LENS_4: !!opencv-matrix
   rows: 8
   cols: 1
   dt: d
   data: [ 0., 0., 1.9906712646242968e-08, -3.0016976530206128e-04,
       1.4547098049483191e+00, 1.7022311268550404e+03, 4513., -30. ]
LENS_5: !!opencv-matrix
   rows: 8
   cols: 1
   dt: d
   data: [ 2.1012327577429419e-15, -4.8391935739903099e-11,
       4.2245083057329913e-07, -1.7578683286002279e-03,
       3.6490532239927331e+00, 6.8311889348384261e+02, 0., 0. ]
