%YAML:1.0
---
INIT_PULSE_1: 0
INFINIT_PULSE_1: 5231
COMPENSATE: 5241
A_1: 4.0499206352062975e-08
B_1: -4.3807747591416305e-04
C_1: 1.6414358637948971e+00
D_1: 1.7258065073882753e+03
