%YAML:1.0
---
INIT_DIS: 173
A: 5629.
B: 3767.
C: 2939.
D: 2576.
E: 2461.
F: 2374.
G: 1874.
LENS_1: !!opencv-matrix
   rows: 8
   cols: 1
   dt: d
   data: [ 5629., 3767., 2939., 2576., 2461., 2374., 1874., 173. ]
LENS_2: !!opencv-matrix
   rows: 8
   cols: 1
   dt: d
   data: [ -1., -1355., -2611., -3019., -3400., -3600., -3883., 893. ]
LENS_3: !!opencv-matrix
   rows: 8
   cols: 1
   dt: d
   data: [ -4., -1746., -2739., -3381., -3420., -3859., -4096., 893. ]
LENS_4: !!opencv-matrix
   rows: 8
   cols: 1
   dt: d
   data: [ 5950., 3682., 2887., 2333., 2099., 1566., 521., 723. ]
LENS_5: !!opencv-matrix
   rows: 8
   cols: 1
   dt: d
   data: [ -3075., -5728., -8180., -10257., -11281., -11896., -12286.,
       930. ]
