%YAML:1.0
---
INIT_DIS: 540
A: 3312.
B: 7652.
C: 8542.
D: 8969.
E: 9202.
F: 9403.
G: 9561.
LENS_1: !!opencv-matrix
   rows: 8
   cols: 1
   dt: d
   data: [ 3715., 7714., 8460., 8985., 9262., 9430., 9697., 510. ]
LENS_2: !!opencv-matrix
   rows: 8
   cols: 1
   dt: d
   data: [ 5582., 3665., 3045., 2535., 2570., 2141., 1816., 173. ]
LENS_3: !!opencv-matrix
   rows: 8
   cols: 1
   dt: d
   data: [ -4., -1746., -2739., -3381., -3420., -3859., -4096., 893. ]
LENS_4: !!opencv-matrix
   rows: 8
   cols: 1
   dt: d
   data: [ 5950., 3682., 2887., 2333., 2099., 1566., 521., 723. ]
LENS_5: !!opencv-matrix
   rows: 8
   cols: 1
   dt: d
   data: [ 3312., 7652., 8542., 8969., 9202., 9403., 9561., 540. ]
