%YAML:1.0
---
INIT_DIS: 893
A: -1.
B: -1355.
C: -2611.
D: -3019.
E: -3400.
F: -3600.
G: -3883.
LENS_1: !!opencv-matrix
   rows: 8
   cols: 1
   dt: d
   data: [ -3., 16., -1667., -2301., -2900., -3381., -3450., 1534. ]
LENS_2: !!opencv-matrix
   rows: 8
   cols: 1
   dt: d
   data: [ -1., -1355., -2611., -3019., -3400., -3600., -3883., 893. ]
LENS_3: !!opencv-matrix
   rows: 8
   cols: 1
   dt: d
   data: [ -4., -1746., -2739., -3381., -3420., -3859., -4096., 893. ]
LENS_4: !!opencv-matrix
   rows: 8
   cols: 1
   dt: d
   data: [ 0., 1.7842186956567172e-12, -4.9809917364424442e-08,
       4.4043081799252859e-04, -1.5694581910579966e+00,
       -1.0096232351247932e+03, -3276., 39. ]
LENS_5: !!opencv-matrix
   rows: 8
   cols: 1
   dt: d
   data: [ -3075., -5728., -8180., -10257., -11281., -11896., -12286.,
       930. ]
